OS: Windows-10-10.0.19044-SP0 10.0.19044
Python: 3.9.13
Stable-Baselines3: 1.6.2
PyTorch: 1.13.1+cpu
GPU Enabled: False
Numpy: 1.21.5
Gym: 0.21.0
